coa3: 1.5722222222222222
coa4: 1.801388888888889
coa5: 6.308333333333334
coa6: 1.2527777777777778
coa3_4: 1.6868055549999998
