# based on David's pre-extracted events
coa3: 1.6566666666666667
coa3_4: 1.742777777777778
coa4: 1.828888888888889
coa5: 6.2188888888888885
coa6: 1.2244444444444444
