coa3: 0.6561120296679527
coa4: 0.7304772131442888
coa3_4: 0.6932946214061207
coa5: 0.7404686631585783
coa6: 0.1438598505265977
